# Created by Octave 4.2.1, Fri Feb 09 14:31:50 2018 IST <somya@somya-PC>
# name: theta
# type: matrix
# rows: 3
# columns: 1
 1.314057764415928
 3.056750869835122
 2.820118227163165


